1.232157175038158581e+00
1.368884562588727150e+00
1.322686274977831422e+00
1.199146445732722333e+00
7.039033384843677021e-01
2.069663219471271631e-01
5.729810855381534118e-01
1.297078802088849958e+00
3.472051024641764627e-03
1.401205295073162382e-01
1.923560410960432066e-01
1.009875273529019069e+00
1.750235480317684278e+00
7.651741597361882974e-01
1.631659006146553015e+00
1.534006507545115916e+00
8.742178254261421255e-01
5.371559377858909912e-01
1.751423419898253897e+00
1.043822116468817507e+00
