1.155669309240343168e+00
1.226168131186954113e+00
5.819433181358681928e-01
4.586161098938446035e-02
4.099499004705930982e-02
8.002811749812372977e-01
1.203289697862920615e+00
1.854915104986131213e-01
1.414452530329352253e+00
1.079062254566983903e+00
1.313602176054009529e-01
7.528937880025441398e-01
4.350454378480883011e-01
1.120134713450562813e+00
3.585247596179520491e-01
2.190897670381535267e-01
2.647080069517548928e-02
8.493910389077587997e-01
6.151945433682741715e-01
1.666291698150460299e+00
4.911819681946112959e-01
1.200855594141774674e+00
1.690724505447988246e+00
1.385936776519156810e+00
1.285666630874174654e+00
1.046671433426609843e+00
1.400465455452490904e+00
9.588991086547948850e-02
1.025726402218880118e+00
3.338591668256307710e-01
1.559205713184965703e+00
5.932584169451757816e-01
4.909263802944694444e-01
3.307162374094478885e-01
1.446497147268034578e+00
7.332849847374922625e-03
6.141951697266805343e-01
1.534974364349593001e+00
8.009877196287764622e-01
3.245707544039603265e-01
1.228120459755974725e-01
1.240668593771941053e+00
5.898615196170585717e-01
3.074833256628080047e-01
1.289547186130474588e+00
1.365181501008922105e+00
9.693317851415377273e-01
8.529758426818405681e-01
1.424216931737215530e-01
6.483437881002125369e-01
7.748274635108404196e-01
3.208445798748622568e-01
9.884747473846080545e-01
5.042280644293208880e-01
7.523353883203822701e-01
1.165463654904409063e+00
7.628611415167821930e-01
6.922274852469134654e-01
8.209084729865805397e-01
2.640826976063987974e-01
1.281270908719729595e+00
1.723283396549231572e+00
7.734915582165722281e-01
1.390487051536847041e+00
1.420576550525372683e+00
2.998934057458217395e-01
4.974167007148886377e-01
1.010142993952142021e+00
3.372448147774216309e-01
1.202605912627107365e+00
9.431319116688033910e-01
1.300270601390374647e+00
1.432224504699469492e+00
3.415439838940145800e-02
1.107008696567833628e+00
3.427154094664686124e-02
1.083221046598635828e-01
1.246803561881101308e+00
9.995979751843753203e-02
1.267992419498567003e+00
8.119258579139381204e-01
1.333538624600943079e+00
5.772728207952709800e-02
4.765220408799504814e-01
1.221117136886031851e+00
1.486480253665572127e+00
1.173060758475790166e+00
3.852943041231783328e-01
1.487526875226996559e+00
1.065081053137318934e+00
8.439539676517486821e-01
3.999170392510111860e-01
1.316771087435760546e+00
2.222416281641970137e-01
1.198261798174038439e-01
7.868205250286208763e-01
2.914068125190702463e-01
1.049030629246805235e+00
6.808811540500522286e-01
4.013019252067711040e-01
