7.945825633855396752e-01
4.064585974586742978e-01
6.000715501006803620e-02
8.458376707427666119e-01
6.976706856881362828e-01
6.695656893297461387e-01
1.113575377773303510e+00
7.626666791694918235e-01
7.382440256463476125e-01
7.714359596932216512e-01
4.604742493906108791e-01
2.533395665424817977e-01
3.316924917957374541e-01
7.610832379998155872e-01
1.187956988495483701e+00
7.400874747562777856e-01
5.850163391559221049e-01
3.684273899643732975e-01
3.627550294174213263e-01
2.955928067926687497e-01
4.424994491337796987e-01
1.082515921838904438e+00
1.071397737810190876e+00
1.133103743027586319e+00
5.297665657873478207e-01
7.714135117076470483e-01
6.900238410291097413e-01
6.882051962244472021e-01
1.402075012262022913e-01
4.987169353280285211e-01
8.299329101952593879e-01
5.263862294372264605e-01
7.363345373527221405e-01
1.288346998567668544e+00
6.403657156246568283e-01
4.998768120174723606e-02
7.815646015795615353e-01
1.064191036717513361e+00
2.998711073126454352e-01
2.810020359490256192e-01
7.121794628611608502e-01
3.579806568184928928e-02
1.438129949169750788e-01
3.947582731482841556e-01
9.694133294560950409e-01
4.578147517658873733e-01
6.665701239939887390e-01
6.611418504516342054e-02
8.124677772061903447e-01
9.120708469171282529e-01
4.470532948293146625e-01
6.930240287720927927e-01
3.904072599128280974e-01
4.919562687481160435e-01
8.450595241402463209e-01
1.333708321987736589e-01
1.271930324737700513e+00
4.656160882283264524e-01
3.675741871089959201e-01
4.695499963456271075e-01
2.667049982701599209e-01
2.001991365165205483e-01
2.670586359395998866e-01
1.525311034965095569e-01
1.251838677197540939e+00
1.103356477500912147e+00
7.782815811784693505e-01
3.306571810876317574e-01
1.782770030202810441e-01
1.123369758148775599e-01
2.100098694186685044e-01
9.599710730244536139e-01
1.047316044568750382e+00
3.335237563697228680e-01
1.254247396355231414e-01
6.831772252288099700e-01
6.729097180439274073e-01
6.819167292983199236e-01
7.351319331176204841e-01
9.139464278566327149e-01
5.821796005953805420e-01
1.074725093180669333e+00
4.314948181839428631e-01
1.070863775977524135e-01
1.101919711335812568e-01
1.140249549952651709e+00
7.957253420063148397e-02
2.278759205770860552e-01
6.352339479042330428e-01
7.676790888965334680e-02
7.142249764230365061e-01
4.280633593083502664e-01
9.360633424363787869e-01
8.126659955779221844e-01
2.542493383325354905e-01
2.048092557425532645e-01
1.209966544172784708e+00
4.756893968028859110e-01
1.087162239837544897e+00
2.767392909623551667e-01
