3.919446099925938398e-02
2.026680336208492861e-01
1.021949009236871042e-01
1.103531055254836080e-01
1.190916672654636077e-01
1.097553431234527643e+00
2.133391720337416420e-01
3.067981264723917967e-01
3.874580000692189330e-01
1.696293446365946256e-01
8.178147079388633500e-01
4.857090495349614123e-02
4.390863444438062313e-01
8.672694546414332351e-01
8.356796608032905915e-01
6.740507973950626841e-01
7.685342895859208490e-01
1.183398313879777675e-01
1.653037828639147833e-02
2.731930363790264771e-01
2.053313879985430024e-01
1.562840463753900622e-01
9.873525907030795690e-01
7.967881738546349624e-01
6.527665640115454249e-01
1.631237976572785797e-02
6.524521990675848926e-01
2.065927308684702979e-01
9.063601597518993191e-01
2.999479212654687643e-02
9.266895751720971575e-02
9.118358775662278592e-01
3.926531344387331757e-01
6.196448618619947446e-01
4.139825843568361030e-01
6.890808659023133220e-01
7.705399447540224322e-01
7.808175216615076408e-02
4.317249033145782455e-01
2.605994407872398444e-01
3.242620686037300803e-01
4.363320851413472479e-01
2.014061952654275789e-01
8.757429870979538400e-01
5.728218785000365187e-01
1.463703364679753705e-01
8.142605369390263359e-01
1.466861351023212023e-01
5.675914005068123380e-01
2.354611117330283054e-01
7.674076343373625875e-01
6.026261344284291610e-01
1.275090365693976047e-01
7.361221092027359081e-01
8.987976118688933980e-01
2.916774270369946187e-01
5.784036508831196244e-01
1.209162472716842629e-01
8.104015852029480271e-01
4.447693595247979026e-01
3.376803486228441287e-02
1.231833458635551715e-01
1.284409835777173825e-01
2.278570769315888533e-01
2.396866996253987914e-01
4.578240805535394031e-02
3.977575794097947259e-01
8.555839083185667882e-02
3.787553543639052833e-01
4.006578752463476611e-01
5.854246847632444961e-01
3.788767593369215536e-01
5.374294913815862440e-01
2.939394389591920564e-01
4.347254747165802957e-01
4.965059433840146585e-01
5.763015934332667012e-01
7.691205755878318673e-01
3.577529793400793245e-01
8.781769466657762813e-01
6.315990323099771597e-01
2.779061052394096176e-01
1.678831457382501391e-02
4.303760349176122268e-02
6.464230495300102852e-01
5.353090996695641923e-01
4.139909239975536615e-01
7.552489874007999315e-01
6.345535692687285234e-01
1.605802477761022473e-01
1.482029077148794283e-01
2.815522857885779384e-01
2.810335818839344579e-01
2.637687339176122414e-01
9.410516363654330974e-02
9.412219489206652412e-01
9.112707307866561024e-01
2.807401479744067174e-01
1.512245507057357052e-01
2.242345783133721238e-01
