2.282570374334254026e-01
4.289313057374894989e-01
3.880069930046925464e-02
3.213226151952703891e-01
8.674881705834724954e-02
4.824406838374293294e-01
1.570840460149307560e-01
2.424862753077332567e-01
3.252319997682258101e-01
4.003867424538696262e-01
4.622645175125361661e-02
3.042393228707573893e-01
6.357500396590118896e-01
3.809610449214759775e-01
2.977164244745247323e-01
6.443126142976431936e-01
1.822859612558862530e-01
7.764661370565129062e-02
2.750236348920256368e-01
8.571936081103488370e-01
3.244160874295138886e-01
3.667047610825282522e-01
5.203503496536310280e-03
1.386141063943377993e-01
5.919242056454478984e-01
2.408569025252864648e-01
2.612037794887478448e-01
5.598188642758752387e-01
7.357466966206871462e-04
2.508142583189107988e-01
5.229356663295590124e-01
4.007683338089100822e-01
5.629687642097453981e-01
3.018589072166721898e-01
3.148579416745498349e-01
5.269424548806784792e-01
2.063186768241886959e-01
6.927241131962897924e-01
3.152236557494090263e-01
5.406407763252634169e-01
6.852024912923360134e-02
5.446383153099354502e-01
5.080500888096097789e-01
6.248868888210870054e-01
4.786071809421175161e-01
7.392754986413079266e-01
1.368636563740119882e-01
4.850242987072972412e-01
5.087067870801424974e-01
4.089099060153196241e-01
1.638717087065861833e-01
8.042741802709629795e-02
7.318400370467146310e-01
7.023124419607276181e-01
2.265995970897476397e-01
1.114151675957577581e-01
2.949099878217706916e-01
7.103761781889934568e-01
2.606924705244724194e-01
7.558094360659244337e-01
6.108434071989199410e-02
1.696420291728788499e-01
5.318714615576345395e-01
5.867436668206473804e-01
8.291926821228794431e-01
5.523481575291055989e-01
3.304210257875679346e-01
7.779644628671977813e-03
9.119697683002341293e-01
1.898355561462579111e-01
5.250443255440324641e-01
5.276474229450123232e-01
1.471434136657692182e-01
1.207738886976787995e-01
2.594511091689641891e-01
2.473540708782973052e-01
1.075346312992753184e-01
4.650100478782985824e-01
8.542200165395139599e-01
1.260024270036570471e-01
2.949827183590576496e-01
2.660501851303260779e-01
1.782339770006065027e-01
3.550549107301217422e-01
4.163110799828302344e-01
2.375435851375495844e-01
3.790576539971572956e-01
5.200262861213500454e-01
4.928279499016872123e-01
4.063736310611951730e-01
2.900371516245456860e-01
1.174262477760892320e-01
7.167450123253189531e-01
2.409995894420726703e-01
2.683196379564711798e-01
6.124633178447504989e-01
1.093496491856329467e-01
3.921150949464626834e-01
6.041429344686708447e-01
1.041571604382438565e-01
