3.535198615550010359e-01
5.189410524312156880e-01
6.722897600884030211e-01
2.159658802602133498e-01
6.042731280876338928e-01
2.544168065891323494e-01
5.176124141622917563e-01
3.599276777075384182e-01
3.394698976758001585e-01
3.522973282815571316e-01
6.172915167798764813e-02
1.010971397269142535e-01
7.635671663381859986e-03
2.513743789935047879e-01
2.618280911449559767e-01
5.638487171719592794e-01
2.975498155057469951e-01
1.216222278763035014e-01
2.509038362159903279e-01
3.341766855391741231e-01
5.794595332575869229e-01
1.369190559692472497e-01
1.757136141457495970e-01
1.220399701037968576e-01
3.415798513307977124e-01
3.410943087784685801e-01
5.542265290740377992e-02
3.904819109303585556e-01
5.862877163347288700e-01
3.620339724368815126e-01
6.447395869219105791e-01
1.349223248672895004e-01
5.962877572364164713e-01
8.568224446904260105e-02
3.170564763025902622e-01
2.043140904727551721e-01
1.221730419558877401e-01
1.396445854756787064e-01
3.817696262117351580e-01
2.579731879425422036e-01
4.428025269014974619e-01
4.564601853684377986e-01
3.281296019255992569e-01
7.474011289641913081e-02
4.738448979710563336e-02
6.382011184552855987e-01
2.928662092752047919e-01
5.881802028589628861e-01
1.855664015058708927e-01
1.989145936414473681e-01
2.017026147538021341e-01
3.208234666280636027e-01
2.936727688575762052e-01
5.090134786036282222e-01
4.510803061978960748e-01
4.648279371976293817e-02
4.884741829208230079e-01
1.874950544970404032e-01
2.215949112423487577e-01
4.972813824203696775e-01
2.028305824781275746e-01
9.080593756968546870e-02
4.962024002873528516e-01
5.731379406998882153e-01
2.945015590233279745e-01
3.825100862785468792e-02
2.484422589919983437e-01
2.978619464234455450e-02
4.330745766436097099e-01
4.217240408800955187e-01
4.747542560761006669e-01
2.158480339357646827e-01
8.217070053467523394e-02
1.884886315608760299e-01
2.414809509723681025e-01
6.008189812459097112e-03
1.513351539738714280e-01
1.261283024187700441e-01
3.901735230991008052e-01
5.343757734925316250e-01
4.513467669977830887e-01
3.628867609134855954e-02
1.977844071885206390e-01
3.502463598438319003e-01
3.284454174519919611e-01
6.282117255054253668e-01
4.147643605202446793e-01
3.860959712473270855e-01
1.191053226487790440e-01
7.154572073621259243e-01
7.021872359218006565e-02
1.646940499848188466e-01
4.707227058539920073e-01
3.182489817872622417e-01
6.404619505249478095e-01
1.204742209042812817e-01
1.057121823262585636e-01
4.682863525609670674e-01
6.049365871063203670e-01
2.007332687424918660e-01
