4.889464254163118362e-01
2.272001052241821029e-01
5.966693839249126441e-01
1.198103537454935363e-01
1.125109957678005479e-01
1.503704461364425704e-01
1.525887175825015873e-01
2.975783169928902794e-01
9.680802820663991781e-02
1.371389805493294922e-01
1.060966232762816652e-01
4.814999257429661839e-01
5.294847002286897641e-01
3.604868063737498574e-03
1.035356211386639913e-02
1.276648090305392280e-01
1.911123421398790434e-01
2.090779402737479309e-01
1.150814077120663192e-01
1.311119803121636451e-01
1.491259986300637053e-01
3.542312250924060102e-01
3.424973744792025876e-01
1.035706211496818518e-01
3.114749881658678277e-01
7.396302901643148076e-02
9.455403197004530469e-02
3.580581125849802149e-01
6.456525538012236609e-03
4.492812024009826821e-01
1.965723357897570800e-01
4.024131700260316080e-01
1.750765627819621528e-01
3.259147679827645305e-02
4.624866335766806280e-01
3.663291378750339611e-01
5.607327139174600461e-02
2.014569768662299865e-01
4.158761949661577972e-01
1.736430921000797767e-02
2.623304242998543145e-01
1.046705941794305872e-01
2.948887898440948341e-01
4.843060329960069410e-01
4.537555941818465222e-01
8.015813901933643848e-02
4.664310498515833459e-02
1.953402426093155952e-01
4.252878607972596647e-01
8.477020600818185869e-02
1.823441303027615312e-01
2.407509656251205499e-01
4.404829703548251985e-01
2.163120356878880379e-01
1.259444345340772209e-01
4.859364493628715032e-01
2.401851180536218600e-01
2.315539942108379989e-02
3.279764318671087864e-01
3.956947461616371342e-01
5.135258344603688130e-02
2.542172259639032816e-01
1.953095232013413174e-01
2.246834453435222478e-01
2.625814282822602763e-03
3.688354075455642089e-01
4.925088482015116398e-02
4.440584102703493130e-02
9.293937491999670897e-02
2.499873611069221013e-01
5.843486875120853519e-01
2.865966481942829880e-01
3.160066830365342305e-01
3.523910953687194869e-01
3.620716293926129481e-03
5.066979424561157686e-01
3.337117217241778455e-01
4.133210481303217776e-02
4.085733947868690485e-01
7.888830542723734851e-02
2.556490105050142070e-01
2.507998585451343132e-02
1.018852617590422227e-01
5.130518746023584598e-01
2.168888457555895322e-01
3.644524141153082653e-01
4.166491818826623117e-01
2.725235395060581212e-01
1.010800977220576158e-01
6.115094253565236393e-01
2.379999634324478919e-01
1.194159115658024461e-01
1.754030252243259369e-01
1.366490071008459317e-01
3.592674535629258870e-01
3.240004349969418662e-01
3.195487100896619026e-01
3.071566178647611167e-02
6.589560952255713033e-02
2.229559178130453567e-01
