3.687931510020661108e-01
1.978784730871812059e-01
2.199871859050248624e-01
2.490086311066725955e-01
8.210764782501378534e-03
8.660463376370053368e-03
1.802790775060003625e-02
2.603524148664764226e-01
2.261056951160296258e-01
1.450382166089370095e-01
5.130319400743914571e-01
8.925046494105082218e-02
2.096141163448308475e-01
2.970206487459625677e-01
1.330224810977531646e-01
2.018148366336216526e-01
2.823585555750085518e-01
3.333099746754184523e-01
4.105726508276927866e-01
6.213310068558852706e-02
9.563621463583604765e-02
7.945530279821522157e-02
5.731384831165531324e-03
2.474064359743088914e-02
6.127117567462203596e-02
4.329976887332964708e-01
1.429368799077179730e-01
1.421207901987879829e-01
2.121436572078749805e-03
1.453955224936716029e-01
1.489082786027990934e-01
2.204281758305004502e-02
1.155615061242203367e-01
1.980807682821961180e-02
3.849201242049731242e-01
1.333893615736814198e-02
3.334546759725975917e-02
3.865518802635334872e-01
1.434110786090831979e-01
8.553876390970938104e-02
2.574290885474095347e-01
2.942613378711822492e-02
1.593839385118833718e-02
2.112420896900628620e-01
3.562410067332244523e-02
2.305283906062469690e-01
1.286414535702666839e-01
1.667548192078931457e-01
3.607424417411775330e-01
3.166859013232592446e-01
4.363217046242064967e-01
4.253469817768360528e-01
2.938978105735001733e-01
6.204408537835881532e-03
2.193006460403896796e-01
1.767051639298324872e-01
2.341386542042300789e-02
3.920367007336942322e-01
2.697850978694393831e-01
4.292704271706249131e-02
4.463515318720467917e-02
4.857619190556494715e-01
1.671627016284449319e-01
2.059762355535501577e-01
2.927952997164404714e-01
6.361706210304962639e-02
1.195604673486352354e-01
1.300586109445309724e-01
2.826997169728064918e-01
2.327613151401779490e-01
3.886793505372914126e-01
1.145744295290471726e-01
1.965077658271496830e-01
6.466677151171129623e-02
2.908314768984885390e-01
2.654745281580295213e-01
1.780452638116045705e-01
1.292564961189075490e-01
2.740763272708464093e-01
8.046860846540138112e-02
1.714041691061201078e-01
1.183892491838269834e-01
1.124501947434950466e-01
2.215599552329887700e-01
5.495669767399480321e-02
3.595316824419287904e-01
8.365975413194881583e-02
9.261660002955762749e-02
1.069109417488500746e-01
4.641678862425262508e-01
2.741468710024856925e-01
1.145027913981926382e-01
3.004763400732843870e-01
1.785627547567432138e-01
1.867677715595199572e-01
8.890235078305774863e-03
4.174358485119036288e-01
1.019592401342110932e-01
5.619591886074353226e-01
4.214556349401643587e-01
