1.725495178246161387e-02
1.755342013497878106e-01
2.460881770719560713e-01
2.036841326633900273e-01
2.572739860719841509e-01
6.399527865929499626e-02
7.373982557672764671e-02
1.511428508008734184e-01
9.919048250325346316e-02
1.547879069576616473e-01
3.593631038328979344e-01
4.356971606627091376e-02
1.502608006621768411e-01
4.140023961921190931e-02
1.402324282113247556e-01
1.426517571768020076e-01
3.050545067411913891e-01
1.321845193817567932e-01
9.501927045423697038e-02
3.011563925544997744e-01
2.131793479195280838e-01
2.083393325095430626e-01
4.048512187661801320e-01
1.039485046660866274e-01
1.054841136386617251e-01
6.069881422777090307e-03
1.852672457200843503e-01
4.377306152278492846e-03
1.048974508379947324e-01
9.774139971617268330e-02
3.540430981435362945e-01
3.359546848771959304e-01
1.377195331931524436e-01
1.090087307758480506e-02
1.849101101186496621e-01
1.992677210059743409e-01
7.423521515551811945e-03
1.655115186443936182e-01
6.613052088281001772e-03
1.763058267675976509e-01
1.037126024214498621e-01
9.296304109177011554e-02
4.083015428803538072e-02
1.041404252539632758e-01
7.027074985126180451e-02
8.145385442371777529e-02
1.035365679678035278e-02
3.209701594020941684e-02
1.753240474023809448e-01
2.069037754647871097e-01
1.330245857939598153e-01
1.644968137365241390e-01
1.548121682089131923e-02
2.764266547635951810e-02
6.136676372015159586e-02
3.360568867147217809e-01
3.276912698402956181e-01
1.263598224523354574e-02
2.470463149719970275e-01
2.316606545433383957e-01
1.384357700187015539e-01
1.992709280400184468e-02
3.702840850572037823e-01
2.073370545686508137e-01
1.396383308303388304e-01
1.453736356686494702e-01
3.038941256323379747e-02
2.559959242111720101e-01
3.394143322336393709e-01
8.842043339648864020e-02
8.923239071664612609e-02
1.396757224032483258e-01
4.251315151996193364e-02
2.264699691407101589e-01
2.583688251887754639e-01
1.249969064509075523e-01
2.759391370832173784e-01
1.480614869558571911e-01
9.268916988906017451e-02
3.374654356681032752e-01
2.133132979521286110e-01
4.342310383477743230e-02
2.804549947104852947e-01
1.925654464225265983e-01
1.198536848578255487e-01
1.513041058041908471e-01
6.516563666026353729e-02
4.551198567277481288e-01
3.687031833619691668e-01
3.209822743140566814e-02
1.943934436351018036e-01
2.947863949321511967e-01
2.425339124734842144e-01
2.964055227044193330e-02
1.516910012735204205e-01
2.949704961964085825e-01
2.948879216901900691e-05
3.376077419695988624e-02
1.769642666411654908e-01
2.312121203282204718e-01
