1.235971579367847184e-01
2.486640036680309862e-01
1.938581554114913175e-01
1.417285706535666989e-01
2.874466364587302536e-01
2.515119366494360520e-01
2.008861194283335649e-01
3.423802760166196890e-01
2.083196710122061646e-01
2.791675884948965347e-01
8.380036572990512411e-02
1.038108821774619273e-01
1.360861133053599126e-01
1.244843826841441903e-01
2.534473722256036510e-01
2.378828943251320993e-01
3.808750620518424057e-01
4.659092710793366621e-02
8.333322578264290570e-02
2.964845973891083730e-01
1.024522704679728946e-01
1.833115478884268512e-01
2.757405480559729227e-01
1.503038018403977105e-01
9.969506613253376059e-02
2.638500160829959640e-01
2.624127981229067430e-01
1.512897774019830166e-01
1.254854249105186170e-01
8.896186407009132324e-02
2.758747240805119461e-01
1.348786115401576780e-01
1.512973044664640554e-01
9.612087060132967764e-02
6.841540163852144474e-02
1.746460307298125514e-02
2.458083707103941862e-02
6.445774182762020743e-02
3.154492502538648324e-01
1.000184540961663870e-01
1.154040760495336215e-01
1.374805490984964962e-02
7.409016220856567969e-02
4.149201705282488106e-01
1.663681680016342312e-01
1.660923905212277063e-01
9.617078575299631282e-02
2.511256890883473147e-02
1.628863298691118899e-02
2.304691164789716140e-01
5.227857226693455317e-02
3.319391140927052675e-02
8.703165715844551897e-02
3.522684242672546873e-01
3.666652071777853905e-03
7.391321839358599988e-02
7.943863043831811410e-02
3.325178832048205635e-01
6.683375196792695760e-02
4.506436579913852825e-02
1.778686128199158389e-01
2.330332491512665527e-01
2.583674015543291347e-01
3.000232574613033165e-01
1.515778359952193455e-01
2.386689536503716624e-01
7.105392650108832697e-02
2.726624506843489115e-01
2.272248267547984923e-01
1.489875375784976974e-01
1.946296523382828880e-01
1.323732710281344538e-01
2.479969624820332896e-02
1.704640046993670666e-01
3.515580598213787766e-01
1.384228911428539988e-01
5.954278096946019616e-02
1.264586995150995818e-02
1.141514919299444486e-01
1.401614690167223287e-01
6.824579941437747266e-02
1.226281431041087444e-01
1.878743834164930959e-02
2.955901525341619873e-01
1.583786648921075013e-01
2.341412715192756622e-01
2.154365375434368346e-01
2.550523744038546425e-02
9.169477419248917016e-02
1.524260187360448882e-01
1.471030566547160134e-01
3.425053464047067564e-01
1.828671334647147262e-03
2.264153947903619901e-01
1.010363037669055331e-01
6.570132881735535335e-02
1.270524810540694105e-01
6.788101191930451250e-02
1.795915700653929470e-01
4.566872087274465031e-02
