5.072501475091151235e-02
3.797651873525440536e-01
8.585849175472359818e-02
1.442187242024983718e-01
1.444134032819732738e-02
3.359561994017923325e-02
2.321414899419398381e-01
4.870864795880525122e-02
2.810198348080916730e-01
5.142230379084189451e-02
9.949913496679085867e-02
5.100109888063819596e-02
1.619730757863191428e-01
2.097325180802487310e-01
2.053175937133868700e-01
3.875524343923064663e-02
1.649937560977674522e-01
1.321454989755421749e-01
4.383041972528989305e-02
1.720536072231526603e-01
1.851328518656751854e-01
3.620192603068428383e-02
1.037216669941036784e-01
1.147352153616827408e-01
1.061112989436683307e-01
3.031324661076846283e-01
2.016859718902264120e-01
1.603544766123796705e-01
2.751177530674375760e-01
2.824437174993450483e-01
1.352922429115430702e-01
7.402263588846214049e-02
2.639112613188103751e-01
9.489929146545517114e-02
1.599147510702856323e-01
9.909831878370933822e-02
2.746238321413372319e-01
2.149628708981543568e-01
2.252821446114365855e-01
1.644113840876038068e-03
2.209790070937085460e-01
1.532958494418821260e-01
2.367719916142982939e-01
1.155384133640007249e-01
1.568963084809373854e-01
1.074119672419122651e-01
8.819095481391237001e-02
3.310559628048155290e-01
8.075669014902775444e-02
1.164919565794928502e-01
1.061291570704097076e-01
2.876557695637966816e-01
1.176146690424850760e-02
2.164728357025147432e-02
5.749705957496331621e-02
1.800305038998137874e-01
1.359126636898011498e-02
8.774533076967294676e-02
1.686535738474015389e-01
2.211433778106375314e-02
2.399398617038794868e-01
8.407193495472764511e-02
3.749090999672421987e-02
1.177029071987583109e-01
1.536419060114972979e-01
7.555041694164366106e-02
2.122290970115692232e-01
2.415903620606982827e-01
4.091805271133175381e-03
1.187522976417554332e-02
1.496959165542453007e-01
9.974039816795698954e-02
1.848938945109335208e-02
1.400613909827352899e-02
2.338459752205945819e-02
1.384926897633693699e-01
4.385517672985983495e-02
2.458879964211302394e-02
2.882981227811676206e-01
9.886613608394689834e-02
3.745504016773670841e-01
1.898503076636748332e-01
6.413560497802084370e-02
3.136639773826237487e-01
8.016415341482030499e-02
1.708165070035123634e-01
1.573495914481020108e-01
8.308481293256164690e-02
2.251095320532279231e-01
7.865650419918601699e-02
3.177595306667058139e-04
7.329926851771428886e-02
2.648437207587139852e-01
2.693829017792612746e-01
8.009426917423656533e-02
2.107218563451764837e-01
1.866132398617192933e-02
2.574159319359505815e-01
1.338914704892335550e-02
9.022928830937360090e-05
