1.214379076563414372e-01
1.235263555312826611e-02
1.361115643504877681e-01
5.363451289630560836e-04
1.265522318380174482e-01
2.185372168957382399e-01
2.449431470570395675e-02
8.104639163084392806e-02
9.705988520203412406e-02
1.718788282503931342e-01
2.117611453479852912e-01
7.358503118160708567e-02
8.298572750612187576e-02
2.382441431377486651e-01
1.195513353795920608e-01
1.431253751932244356e-01
8.874508904980604740e-02
8.797530935458475199e-02
1.067164528351050024e-01
1.009822149836052674e-01
8.225652389932669450e-03
1.609460948504173317e-01
1.765216593218745800e-01
4.095920326541779843e-02
1.148975758535497604e-01
1.177963273793221077e-01
2.766071334678787963e-02
1.503239516237631079e-01
1.364057273520247193e-01
1.781108428201552130e-01
9.643077720193549141e-02
1.420215385496854665e-01
1.742327833978549734e-01
1.537421748673351019e-01
2.824034977734033447e-01
7.258608044027514694e-02
2.161735165134093251e-02
6.485440309737455777e-02
8.976669899054634527e-02
6.686629494342088975e-02
1.792848654254557417e-01
1.298386031072169544e-01
8.258782841382306117e-02
2.310423757553259350e-02
7.771121098055289167e-02
9.035438477590940209e-02
1.791649605982303939e-01
2.136082703397006455e-01
1.411858709059679029e-01
1.503161281626814727e-01
3.274304193958066378e-02
5.587991663409308529e-02
4.905325320891762431e-02
3.751868160346916170e-02
1.173175246038358210e-01
2.039979945714529563e-01
5.825571667182405378e-02
2.041492935155986288e-02
7.077162900529287981e-03
2.234259301171537260e-02
8.507815476341384908e-03
2.708658047783432110e-01
1.095924141637567573e-01
1.369400821722690509e-01
1.051738950682805651e-01
3.186024429715939021e-02
1.441862917842602343e-01
6.214632166707367844e-03
5.552969732743573417e-02
1.086766524421491908e-01
2.285232947159165917e-02
3.033025502937825024e-03
4.428650755761598390e-02
1.681070103573736318e-01
4.130442398048650432e-02
2.171604112352190086e-01
1.149604526900835921e-01
1.653563348444704317e-01
1.305256058192014734e-01
1.274484268677156251e-03
1.821084367818137650e-01
9.855927627642113720e-02
8.614144316807870183e-02
6.578171874545546416e-02
1.769952986751484048e-01
2.085053278395214704e-01
1.642150032733189491e-01
1.367701325080901142e-01
1.808726481252449503e-01
1.333705399871849551e-01
1.803519219606144475e-01
1.594318311222897577e-01
1.023805094299810037e-01
9.506422483215448693e-02
2.642115975408518835e-01
8.307578290784167763e-02
2.242689633070238386e-01
1.413578401903254900e-01
5.924437371873203517e-02
1.036874310719682057e-02
