7.180610881112414745e-02
1.372161871655155352e-01
2.389000056475154565e-02
7.075137006009502016e-02
4.726808497544610077e-02
1.746618507920389973e-01
7.523372087680968434e-02
5.143567612772681485e-02
1.351222911705773910e-01
2.168525176706381785e-02
8.843939837666603410e-02
1.647035288856759649e-01
2.614454911804138248e-01
1.364426440073298608e-01
2.004954602362394311e-01
3.489199749994753574e-02
9.033208897614031230e-02
2.781885721980792425e-03
2.352268147887581762e-02
2.961177991560859368e-02
7.230965408668588168e-02
1.387228124159189946e-02
2.468804253445293639e-01
4.483860809374107248e-02
9.338804036601811021e-02
5.709231137934445144e-02
1.192238575394544142e-02
1.400544049654905976e-01
4.485404377364954343e-02
4.539908178730822641e-02
6.001603984551895365e-02
1.995232408301994553e-01
1.061912564623401778e-02
1.460904948785683999e-01
1.262321283265421812e-03
9.528787327409915520e-02
2.042837958815040267e-01
2.509192607215231519e-01
2.257170495754312611e-01
9.755975510994918665e-02
2.093031232777917694e-01
7.788340072506105827e-02
1.733968907530858417e-02
6.168240730077823031e-02
2.018033049829170977e-03
4.098797650474850229e-02
3.693316807790836265e-03
1.795519852199589650e-02
4.317616072292018714e-02
2.900740048167875784e-01
