1.917183012496348482e-01
3.391096148264693966e-02
2.198875932566490832e-02
9.368097480546921929e-02
2.054788624851067169e-02
9.155540104777859511e-02
2.278727311656965071e-01
7.855733249640728388e-02
5.523120769535871943e-02
1.694069321211788548e-02
1.491072981717644907e-01
6.919186346383021657e-02
5.654745249829673526e-03
1.821657449067970447e-01
6.104229017640960819e-02
1.704072965708531839e-01
1.974692828037234449e-01
1.297492713959957911e-01
1.306439393491949374e-01
1.091446523959316295e-01
3.764595118429525655e-03
1.195444983912317127e-01
1.025153111447432153e-01
3.646915924789073671e-02
1.133051805817002489e-01
2.563799096162426849e-01
3.640094226500245611e-03
5.029255879708927068e-02
9.247447754691062727e-02
9.827601709369648830e-02
2.466154432575198285e-01
2.278873230498730251e-01
1.269520989907881869e-01
5.370594376648618606e-02
4.965957623388472797e-02
4.177063928929403147e-02
1.981498986904028925e-03
2.110540924290607023e-01
9.177630062217900786e-02
4.880106925906702031e-02
4.764661045245954796e-02
1.599111304980027626e-02
6.857047113674852312e-02
1.221993932180804876e-01
5.096859051329793999e-02
3.248669357087052845e-02
1.056940000898674015e-01
1.777211198713040119e-01
3.849502062376508604e-02
2.459887790518733297e-01
